100 5.5
7| 91 97 52 80 75 84 85
8| 19 22 22 5 15 23 11 19
18| 45 51 75 52 34 57 35 52 39 39 61 58 74 67 64 75 97 85
177| 79 78 48 52 58 61 34 54 83 77 84 74 75 66 65 52 69 72 60 37 23 13 39 22 23 5 9 18 34 31 30 33 3 1 19 15 23 50 28 19 17 6 33 39 11 34 23 19 5 17 0 28 3 21 33 60 49 29 43 29 0 3 23 47 59 65 87 79 93 66 81 75 96 86 82 55 30 10 20 8 33 22 45 67 91 92 93 73 50 78 65 79 75 92 72 48 62 88 66 54 43 24 39 26 53 42 38 12 38 20 23 5 6 3 10 1 10 17 33 21 17 41 46 32 40 61 68 42 49 67 67 67 87 74 83 78 70 54 82 92 64 76 74 93 90 97 51 37 36 38 17 13 26 45 65 42 48 25 23 31 43 61 60 54 64 56 53 64 47 61 51 49 76 86 85 80 64
192| 84 71 64 35 58 52 46 21 5 11 13 3 2 10 39 40 43 53 74 93 100 68 47 56 68 72 72 47 30 31 58 54 62 54 51 70 86 61 85 68 92 97 98 98 89 68 60 57 45 44 33 10 19 7 32 54 41 36 44 39 62 51 80 87 97 88 96 72 55 65 85 93 73 78 79 87 69 85 86 88 54 60 82 72 95 81 94 90 93 83 88 79 58 73 76 80 96 78 100 80 59 57 70 60 74 74 56 28 3 3 24 26 48 54 76 69 73 73 80 77 61 59 81 85 95 59 32 47 24 31 50 53 34 18 14 30 25 32 56 29 39 45 43 56 78 55 50 54 65 57 81 74 70 87 96 76 68 50 35 33 30 43 48 48 33 39 17 32 60 66 68 42 31 19 47 38 53 81 76 96 96 93 76 93 78 54 66 70 42 59 63 41
136| 0 21 25 40 30 57 79 86 69 87 83 88 73 91 84 78 76 46 43 35 43 65 54 67 48 52 52 56 51 68 84 96 85 68 60 45 48 28 52 72 69 96 91 59 46 46 54 82 68 93 77 80 58 59 53 54 54 77 78 83 81 88 88 74 100 94 70 53 49 64 39 58 65 92 85 94 97 87 84 60 67 40 65 45 39 49 57 44 72 70 43 27 5 13 0 4 18 18 18 3 21 30 25 2 3 1 24 28 23 0 11 36 9 3 10 3 4 23 27 25 41 23 1 10 6 0 19 38 11 1 16 10 39 55 76 51
36| 46 37 28 3 21 23 13 12 28 5 34 9 30 16 18 1 19 42 62 46 52 71 95 75 72 76 95 83 69 45 29 22 35 36 29 13
111| 12 25 36 34 51 54 55 81 85 87 99 64 42 70 63 69 40 39 29 31 25 22 33 42 16 2 11 33 12 3 4 13 20 16 41 60 72 56 78 94 66 78 80 95 80 65 58 68 40 43 17 28 5 21 7 13 9 29 13 11 6 10 12 9 23 19 31 4 8 15 21 16 40 10 13 0 6 2 1 16 21 31 21 14 0 13 21 10 6 26 2 16 42 53 39 64 34 50 66 70 53 73 92 77 76 62 58 50 27 20 17
35| 31 42 29 16 41 14 14 24 45 47 73 43 24 25 50 51 75 61 43 19 35 6 0 19 1 16 17 44 63 72 91 99 68 74 46
50| 27 9 3 4 19 5 31 40 63 85 67 57 49 68 88 68 76 58 29 33 40 30 52 72 55 49 58 82 90 61 59 64 51 69 63 35 36 57 33 20 16 20 7 5 21 31 33 26 54 52
140| 33 15 35 15 2 9 14 41 23 21 4 24 15 29 24 41 33 14 29 49 57 77 56 43 35 19 27 19 27 5 4 11 21 9 3 23 43 22 0 7 31 7 24 7 1 3 14 9 0 28 34 43 70 91 76 79 63 47 63 71 51 68 65 51 53 72 51 68 58 42 19 5 3 10 17 25 53 54 51 23 15 8 17 27 34 27 10 13 34 16 22 29 33 48 40 12 8 0 14 17 15 12 21 1 18 46 19 31 13 9 33 12 40 50 37 47 22 2 18 12 4 26 37 64 41 22 45 28 20 47 24 49 24 19 8 3 4 7 12 35
114| 73 63 65 93 86 78 93 81 72 87 57 78 78 61 48 59 79 77 71 87 78 61 75 78 81 75 47 36 39 57 42 19 21 7 29 52 59 64 89 90 52 51 26 25 52 25 11 24 37 23 50 48 49 48 70 61 74 96 84 88 59 47 32 2 17 35 45 31 26 32 15 44 20 16 31 17 33 53 54 27 23 14 24 25 37 32 25 51 73 46 61 45 74 88 94 68 79 54 47 46 38 62 59 62 90 95 97 93 71 84 65 83 60 38
61| 19 14 41 48 70 71 78 54 58 64 54 44 19 8 7 1 22 36 22 13 11 31 6 11 25 1 21 46 63 49 19 30 6 7 32 52 74 93 78 75 61 38 27 3 24 2 1 22 51 39 12 13 12 25 34 27 56 35 14 10 19
48| 55 50 60 54 44 41 30 1 8 20 28 19 15 20 6 20 13 4 5 5 22 36 45 59 82 52 78 97 51 69 88 65 90 82 83 51 50 42 66 60 71 83 99 69 80 54 77 64
29| 14 39 34 35 6 23 3 16 5 16 5 4 31 4 20 5 18 28 20 26 16 32 6 19 12 25 26 9 0
153| 67 94 72 53 65 36 9 1 21 43 70 97 51 35 25 49 39 14 12 12 10 1 24 6 7 18 16 34 21 7 29 3 31 30 32 55 70 82 94 61 75 89 88 95 82 68 87 79 93 95 71 72 76 52 31 56 55 46 19 46 73 52 56 46 30 11 16 2 7 4 20 35 33 6 1 18 27 17 22 34 41 29 7 7 2 6 27 46 73 97 75 51 21 13 7 5 11 12 4 5 18 23 28 15 14 8 35 49 21 37 27 45 53 82 60 43 41 50 69 68 62 80 60 47 31 21 16 10 16 1 11 3 12 0 7 10 32 42 24 47 21 4 17 44 57 60 59 62 87 83 93 71 94
121| 26 2 17 20 17 5 14 32 60 78 74 86 72 49 20 41 51 53 35 29 36 12 3 2 22 42 16 14 20 12 8 3 10 26 55 37 30 28 18 0 13 30 40 56 30 36 28 54 81 60 56 60 54 52 60 66 94 66 78 67 68 92 62 86 69 52 24 45 50 32 18 10 2 21 18 3 16 10 21 26 27 29 25 1 29 12 30 32 58 52 77 70 43 43 50 35 12 2 20 20 36 62 40 11 14 15 6 13 15 7 5 2 15 17 5 22 39 50 32 9 1
141| 54 77 67 95 72 69 50 60 52 29 2 28 34 53 62 52 28 33 47 31 40 31 25 43 33 24 2 13 21 24 1 10 0 3 10 31 45 65 42 32 55 28 10 4 15 33 62 88 81 92 100 68 83 57 56 70 52 52 57 85 55 69 89 81 92 75 73 90 100 73 86 79 85 85 74 75 81 84 87 64 59 86 96 94 53 30 44 27 54 64 44 36 26 23 38 64 65 83 82 66 90 94 77 79 55 52 37 46 42 28 15 28 34 4 6 14 25 42 48 65 67 72 87 58 68 71 60 33 10 15 43 68 52 63 92 72 86 89 66 50 40
91| 85 65 82 71 92 77 51 39 38 36 26 25 44 17 23 4 17 26 0 18 44 17 24 41 49 36 9 17 14 40 21 21 4 9 0 22 21 10 10 23 37 29 3 22 27 22 22 8 5 22 28 5 27 11 35 41 11 25 8 23 10 3 31 33 54 67 47 49 61 32 19 21 45 52 48 33 60 61 60 62 70 65 88 58 80 51 56 76 99 52 63
5| 51 76 82 58 87
125| 82 56 29 35 27 17 37 64 90 59 65 83 65 84 58 66 88 99 97 65 76 99 100 78 60 50 71 92 73 74 59 72 97 85 89 91 83 99 75 68 43 47 72 66 78 59 51 34 47 36 56 71 46 39 28 24 11 23 5 12 36 32 26 31 7 5 17 14 40 67 62 63 69 47 47 19 3 19 37 19 8 30 18 45 39 22 18 42 25 33 40 52 61 62 37 42 30 6 16 2 19 16 15 33 57 40 60 72 66 61 84 55 29 48 20 20 36 58 31 6 24 29 8 15 23
186| 72 95 78 78 85 66 73 80 63 78 86 73 61 66 95 82 77 49 59 35 64 81 73 77 78 52 48 41 63 57 67 62 90 55 68 54 72 52 26 53 53 41 47 35 40 20 4 25 38 22 22 10 18 17 18 8 1 11 21 26 37 18 9 2 26 39 12 10 23 26 3 0 7 20 11 35 23 6 19 22 20 25 31 20 3 12 24 20 3 20 5 8 23 14 20 17 38 31 58 67 66 49 72 67 78 92 69 72 74 85 83 74 79 56 81 99 75 90 91 80 63 48 21 18 0 11 21 0 27 31 56 75 80 81 77 89 81 65 54 66 41 26 40 63 40 65 37 27 45 47 53 70 77 86 67 77 64 43 69 43 33 4 3 10 5 17 42 13 32 29 23 4 19 42 15 6 16 35 44 47 69 71 91 84 70 62
101| 34 7 12 12 2 24 9 1 20 10 19 20 31 16 37 58 82 71 75 91 51 34 47 58 76 48 59 47 48 25 15 14 7 17 7 29 15 8 21 44 52 75 48 52 45 55 46 38 55 48 72 100 88 95 91 61 54 69 73 97 89 72 65 78 72 43 45 31 36 47 55 40 48 63 51 41 32 16 32 21 16 2 24 53 76 67 85 87 61 62 52 52 54 34 37 9 3 22 13 32 18
42| 53 49 44 61 54 80 80 68 75 95 62 48 51 77 67 47 63 44 40 23 15 28 19 24 24 14 1 8 3 16 21 11 7 19 3 11 33 45 25 19 10 11
198| 94 83 87 61 37 63 48 66 60 68 47 19 8 5 13 35 53 25 54 46 67 70 43 70 84 97 73 69 61 71 65 40 24 7 19 24 1 14 18 35 58 52 74 79 65 53 78 93 68 52 49 55 26 17 10 38 31 25 27 3 2 30 25 51 44 38 59 60 34 54 74 88 64 51 22 19 38 42 30 26 8 17 7 16 40 52 80 98 74 85 73 57 37 65 82 78 100 78 81 68 84 56 35 46 40 61 66 85 96 91 75 92 59 65 71 76 64 49 53 60 76 47 52 72 54 65 67 84 100 97 94 98 77 78 56 52 34 10 17 25 41 53 60 62 40 42 59 83 64 76 77 88 71 59 78 100 95 94 70 80 58 31 49 56 64 76 60 87 55 60 70 80 92 85 99 99 74 63 59 41 25 28 25 6 28 27 49 68 58 70 41 23 27 21 18 39 59 54
107| 1 14 13 8 18 7 33 50 32 6 24 33 59 66 64 92 79 82 100 76 48 19 21 47 59 79 53 36 43 53 50 63 72 87 98 56 81 57 27 36 22 13 40 20 44 62 49 51 65 49 30 46 72 65 79 96 87 74 45 59 79 72 49 57 75 72 43 61 36 62 37 21 23 42 49 51 64 86 84 71 57 61 57 37 34 26 2 16 2 23 43 23 40 52 59 45 25 11 5 1 8 18 12 29 35 57 67
70| 67 81 99 92 96 94 53 82 58 63 34 35 18 12 40 21 42 42 28 22 48 58 39 12 3 18 42 54 39 47 23 20 27 1 20 15 12 20 4 1 30 38 58 72 63 74 46 19 8 27 53 71 63 40 68 63 59 71 53 60 40 26 26 45 43 25 48 52 35 33
94| 42 30 1 27 54 56 31 34 36 28 23 14 15 17 31 48 25 49 35 29 35 30 43 55 37 32 49 31 14 20 5 23 26 7 7 12 14 21 4 2 23 0 2 16 30 58 43 56 28 36 38 9 9 33 20 19 35 30 6 23 22 12 1 20 42 71 94 88 91 75 77 100 64 73 81 81 85 75 100 93 69 39 31 30 6 34 52 27 8 23 47 67 59 37
187| 76 51 69 65 65 57 27 10 27 25 2 9 15 22 32 33 5 4 27 53 32 21 19 4 17 23 24 38 59 32 17 1 30 31 20 24 25 31 26 38 30 31 54 76 78 93 94 71 70 86 56 57 30 14 1 9 20 34 26 33 48 47 30 13 35 16 40 19 21 8 23 1 20 49 23 47 55 84 73 68 43 45 70 42 43 38 25 47 21 1 13 19 28 42 53 58 84 92 70 93 77 62 51 56 37 60 55 75 58 68 83 78 68 77 62 40 66 60 51 43 34 44 58 58 57 56 44 17 41 63 38 43 23 28 50 69 47 62 84 80 63 81 65 45 51 65 85 97 82 56 80 71 76 58 48 75 73 93 98 100 82 80 69 50 78 78 85 75 69 96 99 94 88 62 62 55 33 51 22 19 40 19 36 52 22 31 60
72| 36 52 40 52 73 94 82 59 56 55 53 25 19 26 12 9 18 31 41 39 44 52 26 16 9 29 3 6 4 12 10 20 31 12 33 18 16 12 7 8 13 17 32 44 45 67 60 82 64 77 96 83 63 44 59 33 38 23 31 51 57 35 50 44 33 35 8 14 18 14 30 43
59| 62 53 43 69 81 79 55 74 79 100 95 84 55 33 61 89 95 84 63 58 76 93 87 76 75 74 65 59 62 63 46 52 52 28 49 48 53 72 43 40 13 16 27 11 35 61 86 56 64 53 77 61 77 76 75 91 66 62 42
170| 74 57 45 65 80 65 62 35 11 2 12 17 11 4 15 37 43 32 18 44 67 64 75 65 85 92 80 70 92 68 92 70 50 23 48 51 53 67 84 90 65 73 47 19 17 0 4 4 18 43 26 21 4 1 27 54 70 73 73 89 88 92 99 56 68 91 62 56 69 46 53 29 6 11 4 7 21 18 34 39 17 22 22 40 26 18 20 10 34 51 25 42 44 43 38 17 9 36 46 71 77 74 93 72 88 62 59 73 43 69 48 53 71 41 12 24 12 13 23 16 43 33 16 27 45 49 24 26 17 21 6 17 31 50 20 8 2 20 44 70 67 96 92 61 35 41 58 59 58 67 38 8 36 57 55 48 32 41 21 3 20 31 47 64 37 10 28 36 36 62
122| 82 77 88 93 65 35 46 17 19 5 22 13 41 11 19 17 35 10 8 18 1 24 21 26 0 13 11 1 24 45 63 90 86 82 86 86 97 70 86 74 97 82 68 45 60 70 62 33 49 43 31 14 6 13 18 0 1 4 29 57 60 48 53 42 36 28 53 38 37 11 20 13 16 0 22 46 37 40 11 1 24 34 44 51 69 52 51 65 71 67 89 96 80 65 37 45 34 42 32 28 40 17 27 52 48 46 23 40 22 39 57 86 99 51 28 43 38 60 41 58 36 53
98| 19 16 28 56 60 85 73 87 57 51 75 88 91 63 49 62 57 75 53 48 23 4 13 8 24 42 27 1 23 10 20 24 30 18 1 19 20 2 24 5 5 14 43 39 16 16 18 1 0 13 11 30 14 8 0 6 6 17 25 9 5 19 46 73 73 69 43 22 18 23 20 38 10 14 30 3 20 8 13 8 5 8 14 29 28 36 57 58 34 49 74 72 99 92 86 92 94 72
97| 0 1 8 19 9 9 4 9 4 14 34 53 58 58 81 74 88 61 46 70 81 97 81 91 84 80 52 28 36 45 17 15 1 20 8 6 21 28 11 16 32 59 44 58 59 44 25 16 10 21 14 7 24 31 18 34 51 37 34 26 50 31 50 36 59 44 52 76 79 59 65 79 62 39 14 12 7 9 33 6 11 20 7 1 0 0 4 21 48 41 46 66 73 85 86 80 53
179| 23 10 12 13 17 35 13 10 13 0 12 18 7 5 8 21 43 63 92 75 96 79 69 83 96 92 77 90 90 73 75 73 52 50 55 76 60 88 84 63 50 61 57 75 76 58 54 38 61 73 87 94 96 77 61 79 75 45 27 6 4 22 39 50 40 34 4 33 35 41 59 73 80 86 98 69 89 69 39 28 15 36 29 50 38 36 58 40 10 24 44 65 83 81 70 55 55 50 62 40 27 47 33 27 32 39 31 37 15 2 10 15 16 42 56 48 60 43 66 79 55 59 57 45 61 71 64 73 63 73 79 98 99 90 99 72 69 93 87 62 54 29 8 3 2 20 43 45 62 63 68 53 48 33 40 17 19 9 7 30 34 42 70 54 36 9 33 22 49 62 56 52 70 53 76 47 36 25 44
168| 55 64 79 95 93 98 72 67 92 87 82 57 30 15 13 11 15 40 43 68 76 92 62 58 70 85 87 56 39 37 32 21 8 1 12 23 10 21 11 28 5 17 37 30 39 40 27 24 50 24 5 32 57 60 38 47 54 72 90 94 87 85 85 80 54 30 46 26 18 28 33 50 51 56 34 51 54 77 74 56 68 57 56 66 38 20 48 23 4 22 17 36 6 15 21 5 19 20 49 72 81 74 69 79 96 81 95 70 55 77 98 96 86 71 54 56 67 46 35 50 66 74 100 65 44 32 57 62 36 53 82 56 81 75 46 44 65 62 79 93 78 73 71 99 76 83 75 92 85 98 74 69 41 20 30 48 48 31 23 36 40 23 11 37 57 65 68 54
179| 36 52 72 85 64 63 72 87 61 62 41 58 44 23 16 14 1 1 24 52 27 54 33 22 3 19 2 22 15 17 15 28 13 28 3 6 21 7 17 16 19 39 59 85 81 94 70 52 44 19 35 60 84 71 61 88 60 76 85 81 56 60 41 44 21 17 36 18 46 33 19 21 46 47 22 45 73 84 67 53 47 42 56 28 35 56 26 45 74 52 75 56 59 30 55 29 49 68 51 57 77 84 53 74 83 72 99 81 87 77 67 76 88 71 56 75 66 73 52 23 49 73 100 93 89 100 51 23 37 28 38 21 20 13 12 38 24 53 62 75 72 42 16 30 14 12 17 40 35 23 15 11 23 43 14 11 9 27 25 0 9 14 41 26 7 26 37 42 66 88 92 80 61 31 23 32 25 31 6
42| 38 38 64 59 35 57 81 52 28 35 48 48 52 64 89 58 66 91 67 91 62 69 76 56 50 62 39 39 14 16 45 55 52 73 74 97 97 71 99 80 68 62
152| 79 70 53 54 48 54 49 48 43 64 60 59 64 80 94 72 54 32 42 52 60 37 25 22 25 19 48 74 94 99 99 77 89 82 55 27 44 44 32 3 25 41 42 70 62 57 52 37 9 4 17 12 8 36 13 31 1 6 2 9 32 10 36 58 30 43 41 21 40 10 32 51 64 66 60 62 52 41 47 67 89 64 48 32 58 58 62 36 58 39 60 39 40 43 29 43 13 40 50 23 39 35 62 66 54 51 41 51 71 65 71 60 72 79 65 63 65 85 93 58 57 39 43 34 38 48 66 92 62 66 39 38 20 19 46 29 28 56 41 62 49 31 15 33 19 9 1 2 5 2 21 25
163| 26 45 56 56 46 53 70 77 51 72 72 70 49 40 60 47 60 69 86 79 100 97 98 76 50 36 51 41 60 46 73 43 16 11 20 14 16 24 50 76 100 81 82 95 91 89 93 95 80 77 65 37 30 20 28 11 32 20 33 22 38 28 56 70 47 53 49 76 56 37 48 46 65 43 29 22 24 28 52 60 46 16 41 43 36 60 54 43 69 90 83 96 94 50 79 80 63 46 67 52 33 54 68 39 68 58 52 22 30 39 50 32 12 35 22 37 8 16 14 20 45 53 43 35 48 46 37 44 21 15 22 15 5 5 6 7 25 51 40 45 23 31 6 24 49 49 66 71 60 61 43 62 36 50 60 64 40 65 78 63 54 77 90
41| 22 31 5 3 18 10 1 15 15 21 44 24 0 14 9 0 7 5 5 23 0 8 1 8 25 25 20 7 14 43 58 62 67 73 62 52 46 19 46 72 69
19| 96 84 65 69 84 98 88 73 70 97 98 69 45 69 58 53 68 48 52
74| 53 76 75 66 58 43 36 51 51 23 0 23 37 27 47 50 56 75 46 26 1 4 23 14 23 15 12 5 23 28 24 28 3 1 2 12 18 9 32 49 24 24 19 16 41 68 78 99 89 94 74 91 80 73 65 87 57 52 54 67 63 39 47 36 53 73 48 62 49 40 32 57 74 90
168| 74 44 23 26 24 44 41 61 35 36 36 54 76 67 40 38 55 27 38 46 21 45 72 84 99 98 91 94 71 97 96 95 90 57 66 42 30 14 15 43 16 39 38 28 1 9 23 4 0 5 9 19 8 17 12 8 0 12 26 21 27 45 24 2 10 24 5 5 17 16 21 17 1 4 1 7 3 32 3 14 19 17 6 25 31 45 36 27 55 46 46 53 36 7 20 31 13 13 0 19 19 24 40 53 71 86 52 73 50 77 73 62 77 97 90 66 86 66 39 63 65 68 61 49 71 86 83 68 46 55 79 93 73 65 66 40 27 48 42 13 7 10 6 14 20 8 5 8 6 17 0 3 17 31 42 50 33 25 0 22 30 30 33 4 10 11 35 33
192| 66 47 20 15 34 31 55 46 66 81 60 45 32 49 59 85 82 92 63 82 85 80 59 45 19 21 19 7 23 20 45 70 72 57 64 67 62 89 91 63 74 90 76 100 73 93 79 92 90 85 75 69 39 25 13 41 31 58 67 48 46 51 61 69 84 61 78 52 49 64 72 69 47 36 23 45 72 55 25 45 46 43 34 27 44 14 2 3 23 3 5 2 15 17 17 16 15 11 38 8 35 24 3 26 15 33 29 12 38 30 54 69 49 65 46 17 30 7 14 13 7 21 34 20 43 21 2 23 28 54 40 26 35 13 7 28 15 9 19 15 12 20 14 2 9 30 55 53 74 90 68 70 69 68 89 58 33 16 41 39 36 33 47 44 19 40 35 47 70 58 65 49 24 27 35 11 6 17 35 36 18 20 19 14 2 19 7 8 31 14 31 53
200| 16 44 35 28 33 29 34 23 12 10 2 6 6 27 24 11 22 34 14 42 16 42 12 16 43 55 63 60 31 60 52 25 14 31 44 71 58 77 66 52 61 75 69 52 65 60 33 49 19 14 20 0 2 2 8 20 38 36 62 86 84 60 51 25 0 16 2 18 11 13 37 44 53 44 48 34 20 49 27 55 29 52 66 62 43 55 38 64 78 80 59 85 56 28 28 7 32 36 43 42 40 28 17 12 7 0 18 11 18 41 70 71 87 87 63 68 62 57 42 14 18 12 9 35 5 10 23 30 8 7 7 30 16 37 37 34 44 34 15 2 11 26 3 2 14 29 54 74 69 46 57 27 5 17 6 18 30 34 55 75 75 72 50 32 27 53 34 7 26 3 15 15 5 20 21 10 28 22 8 19 34 32 60 60 63 49 58 30 12 32 37 21 46 65 88 88 71 91 54 48
181| 4 11 33 36 9 10 23 27 11 2 1 17 3 20 28 53 60 36 10 11 27 31 59 57 36 46 55 37 25 27 18 14 15 25 3 3 0 20 22 4 16 22 25 51 68 63 52 36 60 76 95 95 63 61 74 83 54 59 86 86 77 75 67 76 70 70 63 62 43 50 50 77 70 72 45 26 51 67 67 50 60 47 59 83 98 76 57 37 38 10 5 31 24 48 44 18 37 66 40 21 7 20 12 29 2 24 43 24 47 76 48 76 89 57 68 56 49 56 77 73 90 93 83 95 53 68 70 60 50 30 57 84 78 65 64 69 65 81 56 33 4 26 18 6 14 15 19 5 16 13 1 7 1 11 28 37 60 58 61 39 24 36 63 46 61 87 72 72 98 90 63 83 92 70 46 50 50 45 73 99 65
56| 56 68 73 54 70 82 95 88 75 49 59 50 50 58 71 76 74 44 22 1 23 19 48 55 56 49 65 64 61 88 87 87 76 80 71 70 65 74 50 64 75 88 60 36 27 29 45 41 18 21 4 30 54 61 47 23
79| 69 70 56 58 45 15 18 6 12 28 24 46 68 68 81 69 75 49 25 13 16 12 1 6 35 48 69 45 18 19 10 26 21 32 6 18 35 63 63 39 15 24 4 29 7 2 29 57 53 35 63 92 70 64 82 92 85 91 63 38 37 34 45 33 28 37 24 35 55 81 75 87 95 82 56 37 43 36 12
134| 93 100 90 68 80 76 59 49 57 41 57 45 36 59 39 15 21 22 38 58 86 70 40 24 9 36 39 61 58 82 73 44 50 45 58 73 57 36 64 59 36 37 62 33 36 43 59 37 45 68 83 81 57 57 74 82 80 68 71 42 52 56 26 9 19 14 2 2 3 24 19 19 31 20 4 2 22 0 28 19 36 33 51 34 60 50 24 47 18 20 16 34 16 5 21 4 10 27 12 16 22 6 12 27 17 25 0 4 15 23 21 15 7 32 38 28 32 41 26 43 67 94 71 87 50 70 54 72 64 90 77 49 68 93
176| 30 9 23 14 20 32 52 33 27 3 8 6 22 22 16 1 21 16 0 18 12 2 24 22 8 15 43 20 11 8 8 18 41 29 54 24 48 26 8 20 24 26 48 21 11 32 38 31 26 40 27 18 13 26 32 40 57 64 81 85 62 75 60 55 49 64 55 27 11 27 25 31 5 6 8 7 12 11 36 63 54 43 27 31 27 40 37 15 14 5 19 22 36 61 46 57 35 39 54 75 56 40 15 4 3 19 10 37 21 7 16 31 56 37 58 73 55 52 37 59 66 66 56 30 21 23 52 73 87 67 78 97 77 53 37 11 6 18 30 37 58 80 55 41 12 18 17 18 30 24 17 16 3 18 31 52 57 36 14 15 11 37 35 25 45 58 87 88 85 75 65 61 53 34 26 18
145| 21 23 51 54 73 92 72 87 77 50 74 99 89 52 33 24 33 3 30 29 6 35 13 1 18 39 18 24 23 8 19 13 19 45 57 34 56 45 60 80 61 58 29 16 24 8 17 26 46 19 36 10 22 9 5 14 14 0 22 25 33 18 21 38 55 69 51 36 8 31 49 45 54 78 83 67 76 56 63 88 75 83 77 85 68 67 86 82 84 93 69 51 70 93 85 81 68 39 26 55 61 33 5 31 53 69 46 60 85 59 45 30 34 46 71 49 47 43 56 62 33 4 11 22 28 18 24 6 8 0 22 24 17 46 35 51 47 48 42 20 48 73 81 57 66
107| 14 42 23 35 38 34 43 28 53 82 68 81 55 66 75 67 83 98 100 57 79 94 89 97 78 83 56 69 97 74 90 93 86 54 33 40 15 22 14 12 9 26 3 6 11 38 54 82 57 58 59 77 56 58 71 50 61 55 66 46 47 25 12 4 21 46 62 48 19 2 20 33 11 12 38 21 5 2 22 32 16 37 7 11 34 6 6 26 31 57 27 40 62 62 48 52 46 42 27 43 29 28 49 54 40 39 58
191| 35 49 55 70 86 80 87 58 55 61 84 71 88 85 88 87 51 36 10 8 20 28 28 26 40 16 18 5 24 0 10 20 41 58 30 16 24 38 55 83 77 83 54 50 40 54 66 44 21 2 22 0 12 0 1 14 5 30 29 8 20 45 49 70 88 90 80 92 69 78 97 76 84 69 39 34 9 8 1 2 31 4 4 32 19 4 2 25 29 29 8 32 12 12 28 45 49 71 48 64 42 34 55 81 81 51 64 44 30 30 56 70 59 54 43 19 31 5 22 7 11 8 32 43 36 33 30 6 4 7 21 44 52 39 12 1 24 38 26 53 29 46 57 70 40 59 67 51 27 20 44 42 30 16 1 29 49 68 74 70 44 35 47 19 14 23 12 38 28 16 42 52 53 59 44 65 63 77 69 59 53 37 18 19 9 23 16 16 5 29 14
55| 95 73 71 45 15 7 4 18 19 4 24 36 34 5 8 13 28 19 27 48 40 59 86 92 81 89 92 89 67 96 63 48 74 69 91 96 69 81 91 70 99 99 90 57 48 70 96 76 75 61 72 44 62 47 24
145| 11 3 9 16 2 7 23 7 13 12 0 25 27 40 48 51 45 18 28 6 6 14 14 10 2 30 15 9 19 37 19 18 24 40 54 54 40 38 32 50 23 26 0 1 4 6 21 32 52 71 49 58 79 62 87 92 75 86 71 84 63 75 45 22 42 60 37 66 88 53 49 68 53 32 42 33 58 54 54 76 92 89 87 73 80 93 71 48 34 13 17 29 48 72 71 55 32 39 20 25 50 48 57 66 65 80 99 85 51 29 31 58 53 51 31 33 61 72 74 80 78 72 56 53 57 31 4 32 27 6 7 16 38 36 38 16 14 0 10 0 23 0 17 31 48
185| 66 66 46 18 36 39 30 42 58 86 82 71 43 47 73 69 73 72 58 82 75 64 39 54 70 86 66 63 59 72 46 70 42 51 50 67 52 50 52 57 73 77 59 70 81 94 82 59 79 88 79 76 96 95 100 83 99 83 87 55 75 45 55 47 70 99 97 85 86 60 45 67 79 90 78 97 83 55 59 63 53 23 8 13 30 58 33 6 1 24 17 3 21 45 30 24 47 22 24 22 37 26 48 45 62 80 90 65 86 82 84 79 58 64 37 8 19 26 6 13 19 22 34 29 19 18 3 26 2 15 42 16 1 22 39 62 58 66 66 92 69 57 35 34 10 14 19 44 23 36 48 20 1 5 18 3 4 22 24 10 8 19 5 20 12 35 48 69 79 72 77 64 83 53 30 17 14 18 37 28 55 32 36 61 43
134| 23 42 52 73 80 81 77 49 38 31 47 51 53 40 14 9 23 50 41 16 28 39 42 54 37 34 16 23 2 2 21 23 32 51 48 75 99 96 96 63 39 16 27 2 10 15 34 45 35 47 54 29 52 55 41 43 41 48 34 9 9 18 18 11 7 5 10 35 22 47 63 67 96 52 26 7 19 25 22 44 61 36 43 27 21 47 60 53 46 19 25 40 36 39 32 51 40 37 45 37 24 53 31 3 14 30 58 71 80 52 63 63 66 81 92 86 61 56 34 26 55 77 52 49 39 38 24 17 15 4 29 19 22 18
187| 15 2 26 40 21 16 44 26 37 27 23 31 45 72 85 88 59 57 46 58 33 46 26 0 20 41 39 11 6 23 33 11 21 49 30 40 49 24 49 52 51 52 53 53 55 57 34 61 39 44 14 17 11 40 60 33 14 43 25 18 44 40 29 55 40 51 63 64 47 63 92 62 81 77 77 74 94 65 70 70 84 89 98 74 45 42 67 82 63 92 87 94 65 64 50 39 35 7 22 45 42 15 9 9 16 21 25 48 61 56 58 59 86 85 66 87 89 78 81 63 39 50 28 44 27 44 62 86 67 57 28 12 24 18 9 36 55 67 49 73 90 80 78 89 92 70 56 77 73 45 59 52 31 49 78 78 100 95 62 77 75 95 74 82 54 48 44 63 43 57 50 21 22 32 45 35 47 56 76 65 74 68 55 65 45 55 56
191| 72 60 57 67 57 54 54 82 81 70 91 100 78 95 65 42 13 4 32 7 17 5 6 16 22 0 14 32 42 20 10 39 27 8 10 4 5 24 28 43 25 7 34 29 28 25 0 2 12 7 5 19 18 22 20 37 48 77 65 89 94 99 69 49 68 46 22 12 33 54 27 7 8 20 38 52 37 47 30 7 10 1 11 2 16 26 26 22 31 48 24 46 54 62 71 51 48 71 59 60 77 99 81 100 55 38 27 39 31 35 6 16 11 0 8 24 29 32 45 24 1 14 13 3 3 18 10 9 20 15 18 43 31 24 26 38 52 80 77 63 85 67 61 88 81 96 81 75 63 89 75 84 56 79 91 98 98 92 91 74 96 81 63 81 85 74 56 66 70 63 40 38 46 60 82 97 99 86 82 57 83 82 52 26 53 75 53 71 70 65 61
57| 28 18 9 4 28 13 29 7 2 7 20 20 20 37 50 20 2 21 9 5 18 7 13 2 1 19 27 3 9 0 13 24 52 25 40 30 56 34 4 3 7 14 6 5 17 12 15 13 4 5 21 14 15 22 26 0 11
125| 82 82 85 66 79 57 56 34 36 42 62 74 77 76 60 65 56 50 32 55 26 11 29 24 7 29 29 43 15 18 31 37 46 43 26 22 41 25 21 11 7 20 3 10 12 26 49 74 88 88 60 51 42 37 51 68 61 31 15 8 23 26 32 27 26 33 59 42 41 32 50 57 39 57 34 54 52 53 42 45 58 53 55 57 44 59 68 80 58 64 53 29 15 43 33 45 51 25 20 4 10 11 12 13 6 10 22 49 47 40 23 27 46 42 18 15 8 26 27 20 7 9 18 3 9
139| 54 69 55 26 30 23 23 33 41 13 34 15 2 3 19 11 8 36 10 34 49 64 69 85 58 55 42 48 43 51 42 27 1 0 6 9 11 16 39 47 38 44 26 51 62 61 47 76 80 100 79 62 47 25 21 50 36 54 39 56 60 66 54 31 57 57 51 76 73 49 48 65 68 57 28 18 24 51 64 35 35 24 24 25 4 3 23 24 5 15 4 13 18 25 5 1 7 9 7 29 23 33 39 38 24 13 26 54 47 54 34 13 42 36 47 21 5 28 41 25 28 26 38 34 19 1 5 11 14 19 0 7 13 12 12 28 32 45 43
71| 87 99 76 94 66 63 64 63 33 31 15 22 17 8 36 32 38 53 49 45 17 31 51 77 61 84 61 36 43 33 16 30 9 37 47 60 49 77 82 91 63 57 67 62 41 19 8 10 19 24 26 37 17 5 18 3 10 6 1 2 24 5 28 34 36 44 39 60 72 68 42
80| 20 6 11 7 3 0 26 14 34 22 10 33 62 41 30 10 14 4 12 36 44 40 48 52 43 55 66 45 31 53 78 89 68 59 49 28 22 21 20 18 20 6 29 5 15 15 32 43 47 60 54 69 89 68 38 63 76 95 67 52 70 48 29 12 19 31 30 12 18 1 16 7 11 13 41 60 45 15 41 47
10| 44 37 20 6 8 13 26 14 5 0
131| 90 51 62 43 15 36 21 37 62 35 63 59 57 36 60 86 73 76 80 69 83 72 68 80 93 78 79 90 70 93 67 94 90 91 87 62 88 100 91 95 71 59 86 59 68 55 41 37 30 40 11 2 21 34 26 47 32 29 1 24 27 48 49 23 9 38 10 19 36 46 63 47 17 43 57 33 15 13 40 62 37 35 10 10 34 30 32 12 31 26 19 44 24 15 0 2 11 19 13 8 19 39 30 26 25 25 7 10 5 3 18 13 0 6 9 9 23 15 27 20 34 21 29 46 41 40 45 70 98 80 80
75| 82 84 50 28 28 44 29 30 47 43 41 39 46 75 63 85 89 97 75 47 68 83 69 47 26 27 7 18 12 6 18 2 14 9 24 2 19 45 55 56 58 44 51 32 8 16 17 46 70 49 41 52 78 81 83 94 76 65 90 90 95 67 60 81 87 92 87 79 85 78 91 81 81 76 89
44| 7 34 8 15 27 2 7 1 6 25 18 46 73 49 75 81 73 85 92 97 69 81 60 73 81 93 81 84 55 46 35 27 38 59 80 96 97 82 91 99 85 88 92 69
43| 6 18 18 2 3 11 34 27 28 52 36 61 45 70 73 77 56 59 52 46 16 8 4 31 43 57 85 78 83 67 94 93 81 65 76 78 56 84 54 53 34 59 60
19| 85 95 83 74 88 89 82 59 66 40 65 90 82 70 70 78 82 75 64
182| 41 11 15 20 21 31 60 70 41 20 21 18 19 27 16 29 8 19 40 25 17 17 17 10 32 46 75 69 92 86 85 98 90 76 88 53 76 77 73 75 97 100 95 99 57 78 80 87 60 71 72 77 65 74 86 93 52 43 19 6 2 4 21 41 56 53 56 53 28 20 0 26 22 31 48 68 73 45 35 9 17 13 11 12 8 28 24 19 35 48 73 46 53 41 31 18 46 55 62 83 55 27 36 20 10 21 39 11 11 31 18 30 4 16 28 41 16 20 18 38 45 36 14 18 13 14 39 42 54 37 44 52 49 76 65 45 41 37 26 21 36 49 61 33 41 34 41 44 39 65 37 13 9 22 25 44 41 70 52 62 67 43 26 9 34 35 61 62 53 41 38 31 7 9 6 21 48 30 38 64 77 77
54| 67 68 73 48 64 66 92 95 76 48 68 85 67 86 67 64 61 38 59 60 52 23 13 2 8 2 22 36 61 45 51 44 16 23 20 10 36 33 62 34 8 6 15 29 22 36 32 54 70 89 84 86 90 84
42| 44 57 71 44 42 24 47 37 16 11 29 37 38 34 6 19 15 42 12 8 34 60 32 59 78 51 50 79 57 43 50 41 58 75 95 100 96 77 83 51 72 97
191| 65 62 67 55 35 57 27 37 24 41 35 57 56 52 27 43 47 71 63 38 38 40 22 0 8 12 15 24 34 57 53 35 43 38 40 11 22 9 19 17 17 30 43 54 60 71 43 15 14 35 49 65 53 66 55 44 65 73 52 41 42 69 55 77 85 71 80 82 90 98 87 89 85 75 99 76 85 69 57 80 75 96 96 68 61 64 48 28 20 21 23 47 74 47 71 80 94 96 86 78 70 68 47 48 43 47 65 78 63 88 61 64 52 67 87 75 70 94 58 28 15 43 53 53 52 25 15 33 23 24 17 31 29 49 45 56 34 31 46 54 55 70 41 21 42 54 69 56 40 54 37 14 43 15 23 34 33 19 0 1 16 2 19 14 21 14 18 47 22 21 7 30 30 5 13 11 24 5 6 14 36 44 43 42 71 98 85 70 83 88 97
66| 44 48 51 69 59 60 57 77 90 100 73 46 64 84 57 28 21 17 36 44 67 41 55 65 92 97 83 83 88 65 67 77 74 70 51 74 50 56 43 27 38 46 39 59 71 67 41 29 56 40 62 51 46 60 78 87 91 90 92 54 62 63 50 28 1 13
81| 24 32 36 10 30 35 11 20 14 1 21 15 16 0 29 29 53 32 61 64 64 57 82 89 75 78 73 53 55 44 21 24 25 52 56 62 39 27 38 37 18 14 14 15 18 22 29 49 19 12 4 15 1 24 13 16 3 28 39 42 43 68 62 65 94 99 67 65 55 79 55 46 34 45 38 12 21 19 21 9 24
162| 80 55 50 23 11 3 10 14 23 24 30 40 30 36 8 37 63 90 62 37 26 9 24 38 58 76 67 62 56 45 29 44 25 1 4 19 14 19 27 50 26 14 7 28 56 28 10 1 18 21 25 41 18 5 25 26 6 0 18 18 4 23 43 70 96 56 39 66 78 65 68 59 54 48 27 0 12 24 6 21 3 2 15 18 6 8 14 29 3 19 11 23 4 20 14 40 36 50 53 68 89 92 77 51 36 61 53 73 75 82 55 63 39 13 7 34 44 68 60 36 13 26 15 13 12 34 57 31 28 36 43 32 57 83 83 87 98 73 49 69 79 69 39 50 67 83 66 57 61 33 15 13 24 38 61 57 45 24 3 6 11 32
146| 30 39 58 47 74 83 95 87 83 70 59 51 24 11 11 8 23 44 35 15 41 25 33 45 64 89 62 91 76 58 73 84 52 51 67 90 92 66 59 44 15 6 9 17 9 0 23 20 39 20 2 18 2 21 38 31 27 53 69 40 31 18 30 42 34 17 12 1 23 2 4 26 27 25 54 44 39 20 33 41 25 3 20 30 43 31 53 37 13 25 30 9 5 20 23 7 26 38 9 18 12 12 10 28 37 41 21 20 36 8 6 0 11 0 22 43 16 21 5 5 16 5 31 40 31 49 47 57 63 35 30 26 47 43 45 64 37 18 39 30 3 0 12 15 27 43
107| 78 70 53 78 66 88 63 43 43 23 34 45 30 57 37 41 46 41 50 77 89 59 30 56 76 66 46 35 54 36 64 77 92 65 40 25 38 65 64 64 72 93 90 83 94 95 71 59 44 72 42 54 70 95 90 98 57 43 49 68 92 73 96 93 74 98 100 72 56 71 41 67 61 46 61 64 55 34 61 50 72 90 97 76 97 70 96 52 43 25 11 38 20 32 30 26 43 42 12 19 21 13 35 54 63 50 43
158| 94 71 84 66 76 78 72 61 32 49 64 71 58 32 6 30 51 32 13 4 23 9 28 2 21 49 59 87 95 91 93 56 64 64 67 76 98 74 73 58 56 78 73 59 70 64 60 56 55 84 99 85 55 46 45 31 19 7 3 8 24 48 21 9 15 5 5 29 48 18 42 44 34 48 21 19 39 65 83 91 87 92 98 94 82 85 76 60 55 59 77 50 32 15 20 42 66 38 39 13 23 52 43 26 4 5 5 30 39 52 37 35 46 72 81 80 71 55 62 72 87 58 63 81 54 28 57 74 80 69 66 81 79 69 76 69 94 90 61 52 36 35 56 60 73 93 63 49 28 24 12 28 5 18 13 12 5 15
47| 91 73 92 60 34 15 31 8 25 26 20 36 52 28 0 0 14 14 15 9 11 9 20 21 18 41 45 63 77 74 47 27 42 19 38 25 9 5 21 45 68 69 88 95 88 68 96
56| 29 37 13 16 20 24 0 0 3 7 10 0 25 8 33 18 20 9 20 2 20 6 18 22 0 4 18 13 2 7 14 0 0 0 7 12 4 12 40 47 25 12 20 33 44 69 48 23 13 32 9 20 14 42 66 47
189| 48 21 22 38 21 45 71 72 87 75 65 78 98 56 67 83 97 51 21 24 23 9 20 9 32 34 49 63 59 55 45 57 38 39 17 37 60 43 61 87 89 98 100 91 70 59 72 70 81 79 68 92 60 87 98 96 71 45 66 94 80 62 58 70 60 37 14 30 4 12 3 15 19 7 20 3 14 27 19 41 18 15 44 40 11 1 8 0 13 13 15 16 20 43 66 63 35 45 64 92 73 88 92 50 29 27 30 27 26 4 4 7 15 28 41 42 56 67 92 63 33 29 9 11 15 9 7 4 8 24 1 20 12 26 11 35 34 35 63 61 63 72 94 82 74 99 87 59 65 44 33 54 62 82 94 86 56 41 32 48 32 31 20 19 33 39 14 8 34 56 79 100 90 65 94 99 75 73 54 77 61 75 85 69 63 68 62 78 95
182| 31 56 72 82 75 53 61 58 81 63 63 65 44 43 30 30 7 16 0 1 13 14 29 48 21 19 19 15 38 52 26 54 69 84 97 84 66 94 91 83 71 91 76 59 32 15 24 20 13 22 35 43 67 58 41 63 58 71 67 55 67 52 56 37 30 44 57 49 71 62 85 87 78 66 76 87 70 46 53 47 48 75 100 77 95 89 97 81 74 64 74 81 84 69 52 56 31 13 18 22 39 63 50 30 59 80 66 41 47 17 41 38 32 45 73 81 95 90 94 98 73 67 86 83 75 87 76 46 47 63 35 51 30 53 77 56 82 93 98 98 52 73 81 60 87 66 82 58 69 46 20 1 23 43 64 58 53 74 100 67 57 28 19 6 7 29 34 44 42 34 7 6 15 36 55 43 14 15 5 0 21 2
44| 78 53 69 53 78 65 53 27 14 1 19 16 25 19 43 39 19 11 24 37 31 17 9 2 28 43 60 46 72 62 59 30 50 34 60 35 7 21 8 12 4 7 13 26
62| 66 50 30 4 14 3 0 0 16 2 23 29 7 0 15 0 2 23 52 41 68 38 31 59 67 93 67 63 56 68 85 62 73 76 95 53 25 12 21 19 10 11 15 2 3 27 52 46 33 57 54 26 5 20 48 60 41 28 20 49 25 8
178| 3 23 45 56 75 50 68 60 72 99 96 90 72 98 82 63 60 68 77 61 74 66 69 42 21 16 3 6 19 24 44 48 57 59 33 24 21 7 24 8 9 22 10 21 18 24 16 35 56 67 92 87 68 89 78 56 52 38 52 72 86 97 94 99 69 43 69 55 80 89 68 85 86 73 69 83 87 95 82 72 84 86 62 38 15 9 9 33 56 42 23 12 22 28 8 1 0 17 19 33 11 26 15 35 57 82 96 95 98 74 59 42 27 35 29 45 59 83 78 60 78 80 78 100 84 57 68 43 70 84 54 42 51 50 22 0 18 29 31 25 16 14 22 50 65 70 64 52 34 43 23 15 40 33 41 66 81 99 68 73 66 37 59 81 72 56 31 38 9 21 30 43 51 36 14 11 19 2
160| 67 86 61 40 63 62 77 61 87 76 46 44 37 54 65 42 65 44 31 9 12 7 12 4 26 47 42 35 38 17 13 5 34 29 33 51 64 61 59 88 67 82 98 83 54 62 35 47 22 32 30 43 40 16 6 14 28 5 23 22 23 33 9 16 22 23 30 29 10 1 22 10 15 24 15 11 20 22 22 19 4 25 13 10 23 11 17 14 23 39 60 33 18 40 41 14 6 21 48 27 33 18 12 32 14 14 7 22 27 18 31 48 76 75 55 77 61 72 92 78 55 77 77 55 33 10 33 6 32 57 78 85 63 34 14 33 33 3 24 21 0 19 37 41 39 62 58 32 59 75 96 65 90 95 51 36 48 59 36 51
168| 27 22 14 36 25 50 22 6 5 13 5 4 31 2 17 7 0 21 7 32 23 8 10 38 18 44 57 80 68 46 72 73 59 62 91 65 64 57 51 56 40 28 13 18 34 31 18 13 34 8 17 21 25 22 21 38 67 70 84 77 75 76 87 90 62 44 44 61 73 51 41 29 33 39 65 45 33 7 5 20 17 35 37 25 13 22 3 0 6 5 18 8 16 21 5 13 30 2 10 34 13 32 4 16 21 43 14 14 37 35 61 42 65 90 96 74 86 77 94 54 64 84 68 41 56 39 42 59 88 85 94 77 66 86 73 55 55 25 32 59 69 85 91 96 64 91 71 80 91 86 65 68 54 53 23 21 14 34 33 10 24 1 22 1 23 4 18 5
81| 90 62 37 53 75 57 68 95 82 89 66 91 86 91 100 76 88 75 54 39 27 0 5 25 39 39 64 37 47 55 69 72 60 76 71 92 80 64 90 60 45 67 47 34 44 20 33 20 22 12 22 30 39 20 30 16 31 49 74 84 64 36 8 25 25 38 49 22 14 43 61 40 31 20 30 18 19 21 46 54 58
191| 61 85 59 30 24 10 4 31 24 29 14 3 7 32 15 40 18 0 9 21 4 13 42 37 10 26 46 70 47 25 0 4 7 32 21 30 18 20 9 9 6 15 31 46 51 65 73 65 70 55 36 18 42 40 43 54 78 75 96 51 68 69 75 75 48 46 74 89 91 85 94 94 77 66 46 48 29 56 29 15 12 34 25 4 33 61 88 88 67 80 83 86 73 96 73 72 44 52 79 64 76 73 88 67 87 87 67 79 95 87 98 88 70 41 65 84 92 82 65 35 18 3 15 35 58 30 26 42 48 19 7 2 0 20 7 18 9 11 21 6 11 5 4 11 3 2 27 48 48 45 31 14 34 50 56 61 48 69 89 77 55 60 36 10 2 18 18 12 8 18 46 24 45 54 56 74 80 95 75 90 71 92 65 56 59 30 13 35 31 56 31
151| 12 29 30 9 34 41 60 74 82 97 95 92 62 32 58 73 51 73 57 81 80 95 77 86 72 58 31 46 41 19 7 14 0 0 20 45 19 11 40 45 27 21 23 33 11 28 55 62 58 43 51 72 95 93 91 89 65 80 70 68 93 76 77 74 95 72 57 63 37 49 36 28 45 72 47 55 63 48 75 65 37 50 41 31 43 36 9 8 26 49 56 35 27 11 30 14 9 15 14 13 16 14 29 9 23 25 11 16 12 19 17 22 11 37 64 51 37 32 16 40 57 83 98 82 71 46 67 49 30 6 3 5 11 40 38 62 33 14 23 17 7 3 32 7 11 0 18 7 20 6 17
199| 44 53 68 78 61 51 56 73 47 49 34 30 11 22 21 27 18 45 36 54 50 55 57 33 17 20 4 31 20 3 24 46 69 61 34 8 33 33 39 9 9 26 21 27 30 36 16 39 51 21 6 27 44 69 58 31 26 0 18 43 42 30 10 8 24 22 12 1 12 25 36 28 2 6 32 44 24 6 17 36 59 37 48 49 31 54 34 56 60 58 70 84 79 75 52 58 85 99 96 90 70 74 83 86 79 57 67 73 68 72 45 19 9 20 16 38 62 51 68 75 64 78 60 54 40 32 58 82 55 59 59 57 46 64 81 62 75 64 83 61 55 77 47 25 53 49 63 92 92 77 98 81 60 45 19 48 59 32 3 26 48 63 33 25 15 0 16 17 26 27 52 77 82 56 75 66 41 65 73 93 76 90 99 73 49 50 42 16 12 8 5 18 28 22 47 58 46 28 51
69| 26 2 18 10 9 3 3 19 10 8 17 20 8 10 13 16 15 11 13 4 16 17 15 0 1 1 4 1 3 6 3 8 17 4 22 37 51 35 12 12 37 38 20 33 34 6 18 32 25 26 15 10 4 20 14 12 5 1 22 27 9 33 41 20 47 47 32 49 60
142| 32 61 41 36 13 14 36 48 44 37 15 41 17 19 20 37 15 33 22 8 3 23 24 22 51 70 58 58 30 9 33 53 47 61 64 42 29 6 2 31 31 53 60 52 81 76 58 33 5 12 6 3 19 44 60 83 84 83 75 96 79 89 78 85 94 90 69 49 40 27 44 25 46 49 71 92 68 93 73 58 66 94 80 53 42 14 24 48 37 28 32 20 41 28 13 12 27 8 12 18 47 40 45 68 64 42 58 69 79 72 94 95 75 73 59 67 81 84 81 75 92 93 83 73 88 96 73 85 64 85 66 75 68 42 52 34 23 27 27 35 14 33
139| 29 41 47 26 47 22 3 11 17 3 8 0 20 13 15 32 57 61 42 22 18 5 19 25 36 9 24 9 5 21 22 46 65 61 87 78 93 68 82 86 74 59 37 38 12 27 36 65 92 97 78 76 91 72 43 38 54 26 33 59 81 65 51 73 48 45 20 7 30 18 24 1 13 14 39 60 85 88 83 73 60 30 46 56 66 71 88 50 41 14 22 33 43 67 84 87 93 78 84 93 66 61 57 85 63 64 64 35 44 64 84 98 95 80 70 44 50 68 86 80 79 80 74 90 61 61 35 60 65 86 88 98 71 74 100 95 78 67 85
90| 12 30 8 17 5 3 1 1 2 14 6 20 22 28 40 28 6 32 54 58 83 54 73 70 74 49 36 44 26 47 34 37 64 46 22 23 36 26 55 53 36 57 85 63 72 92 58 86 92 68 81 61 50 75 80 88 93 95 74 77 85 91 81 54 36 25 36 31 15 4 17 0 15 11 7 27 2 10 21 45 66 61 35 26 19 2 15 40 12 10
125| 71 74 78 57 73 98 76 57 49 50 57 61 60 84 50 33 20 3 1 21 6 13 7 1 4 26 2 12 3 6 26 28 34 39 23 44 34 23 0 10 5 16 33 56 68 59 70 56 51 55 58 67 50 38 25 9 9 10 23 3 5 20 13 26 36 30 52 53 74 54 46 20 42 35 47 58 58 33 4 6 0 4 2 15 33 53 59 39 39 20 8 26 12 16 17 25 6 0 6 35 22 17 5 15 19 31 56 66 50 37 12 5 0 24 42 39 24 16 28 37 58 47 47 20 35
