100 4
9| 75 97 82 64 36 59 41 39 18
12| 89 62 74 82 63 52 74 60 55 33 45 25
20| 21 42 22 0 22 18 27 3 12 31 50 77 97 90 95 96 67 52 74 78
18| 17 33 8 14 2 18 34 15 35 18 38 38 67 49 72 91 68 77
7| 91 84 70 97 99 93 51
12| 32 47 44 28 44 63 39 43 30 28 8 24
15| 67 95 95 98 86 95 80 58 82 99 82 83 79 54 50
17| 79 82 100 87 73 98 73 63 41 26 0 3 9 14 22 9 37
18| 38 47 28 12 20 34 20 3 14 25 0 7 3 14 36 43 46 40
15| 27 47 24 9 36 10 23 2 20 24 5 13 40 16 21
15| 22 22 8 17 18 36 30 43 59 30 36 45 57 85 90
10| 32 50 39 48 19 44 40 13 32 22
9| 31 41 65 56 75 73 85 86 88
15| 18 45 63 73 89 75 80 82 75 75 85 96 77 73 64
4| 57 64 35 63
20| 52 56 27 43 26 9 9 25 49 59 71 48 63 61 61 64 38 8 9 13
11| 20 36 63 80 79 73 61 77 69 39 23
17| 89 92 84 93 60 75 71 90 98 80 95 87 75 49 26 19 28
20| 6 10 5 27 35 58 72 57 51 51 61 33 56 44 61 34 39 36 37 58
13| 93 51 28 47 25 20 6 2 5 1 14 17 4
6| 4 10 9 15 30 47
7| 4 3 13 21 21 1 13
6| 2 2 23 48 20 35
5| 1 18 11 12 5
11| 74 91 71 76 96 55 53 79 68 80 76
16| 61 32 59 58 56 53 76 82 82 52 76 93 74 65 75 47
10| 8 10 15 9 8 30 44 68 73 56
7| 93 65 76 80 86 60 66
4| 91 78 74 50
12| 14 25 9 25 36 59 88 58 79 52 68 77
14| 75 96 77 49 39 67 39 34 55 46 39 52 49 47
4| 22 2 26 11
6| 64 63 52 34 9 10
11| 94 77 88 69 56 30 39 63 85 59 47
20| 67 68 97 67 90 87 74 85 66 79 82 97 82 94 72 46 40 68 77 54
3| 79 72 52
18| 16 5 7 10 11 22 13 20 14 13 34 54 59 50 24 51 21 2
8| 51 66 57 76 94 68 60 87
17| 10 5 2 3 2 4 7 28 32 53 50 48 52 36 55 50 66
17| 28 0 19 21 12 26 8 29 2 10 29 57 65 43 50 65 56
19| 8 19 9 25 47 51 25 21 6 12 24 18 28 8 32 32 55 60 79
11| 30 29 25 19 6 29 20 2 19 37 15
17| 47 53 61 60 89 66 48 31 1 17 14 22 47 56 44 33 39
17| 72 63 90 86 72 62 64 50 56 30 52 79 82 81 58 86 80
19| 87 84 96 71 68 86 71 65 69 80 95 96 97 91 90 81 59 35 39
12| 30 37 64 37 23 12 19 38 50 47 62 53
14| 35 63 53 45 28 2 12 2 4 18 24 19 20 34
19| 31 47 70 59 86 99 79 89 65 59 53 32 50 28 57 44 54 55 72
17| 41 52 49 37 50 21 13 13 23 5 6 16 30 20 20 12 24
9| 78 55 26 14 15 6 0 18 45
5| 29 3 24 8 8
7| 77 91 67 68 63 81 84
20| 84 65 55 49 32 34 13 15 32 37 66 87 91 86 77 55 77 69 73 72
10| 93 79 71 67 72 55 84 66 51 45
17| 6 15 24 27 0 2 1 24 2 14 18 24 53 28 36 35 21
5| 12 9 31 33 20
16| 8 6 8 20 18 16 5 5 17 16 7 18 2 22 36 59
6| 14 14 8 1 14 12
3| 2 16 30
13| 12 5 5 16 19 37 47 45 43 66 49 28 19
19| 72 57 40 35 61 57 81 63 36 7 30 44 20 19 31 21 49 57 44
14| 19 20 23 46 68 41 30 19 24 47 20 6 31 18
10| 89 100 88 78 55 70 94 50 34 55
13| 69 84 84 59 37 47 58 66 75 63 50 51 47
11| 19 6 33 31 31 33 15 24 30 30 52
10| 48 75 76 96 62 70 58 32 53 81
12| 9 27 31 11 12 12 21 15 7 3 23 45
12| 71 54 82 58 43 33 29 12 18 21 49 23
3| 31 14 2
3| 51 35 27
13| 16 2 11 21 24 11 20 10 10 38 52 70 64
7| 75 73 72 84 72 63 46
16| 94 84 85 64 68 65 82 82 76 70 41 46 42 63 54 38
14| 56 50 69 82 53 50 44 39 50 74 76 70 98 76
5| 26 34 23 40 51
13| 77 90 88 67 59 53 34 50 30 45 64 60 63
6| 1 26 6 18 9 3
6| 18 18 16 36 27 3
12| 58 83 64 82 53 51 21 1 26 2 7 20
4| 41 21 46 18
7| 39 45 32 53 70 75 89
4| 35 8 3 7
10| 64 35 24 6 8 19 19 25 38 21
19| 60 85 90 67 50 77 60 87 91 62 76 90 95 93 89 95 84 75 73
15| 14 37 19 10 39 42 58 34 23 35 11 1 24 20 9
7| 42 43 31 17 25 29 55
15| 49 73 91 90 92 97 83 55 61 44 69 86 99 78 75
11| 88 76 69 85 66 56 30 22 27 31 22
20| 46 56 27 5 10 11 9 7 9 29 51 39 54 42 46 21 47 66 40 30
4| 80 100 52 29
11| 20 3 16 19 14 4 17 15 30 5 30
13| 77 98 98 91 97 84 69 85 77 98 90 91 74
6| 48 73 56 37 26 2
11| 53 57 49 29 57 64 86 66 77 86 86
10| 39 33 31 48 76 60 41 26 42 60
19| 97 81 53 43 20 41 47 29 6 29 3 16 39 21 36 60 64 81 87
6| 19 1 27 5 7 4
10| 19 31 51 56 84 79 97 72 94 77
7| 2 20 2 17 7 27 24
11| 96 67 67 77 72 72 51 27 6 17 4
